LSFit: 54.098383787699284 545.0788659046135
PerTrichotomyFit: 53.685568852171976 567.5812622290905
