LSFit: -2.105262294310771e+07 3.000000284972294e+08
PerTrichotomyFit: 8.68219069905936 26.74572799327374
