LSFit: 21.811568262692877 203.42209529869456
PerTrichotomyFit: 21.83864121887264 202.767280473766
