LSFit: 15.65067734955549 96.82850631436686
PerTrichotomyFit: 15.63959435281546 96.71552402234576
