LSFit: 60.46602879796177 940.509088045013
PerTrichotomyFit: 59.90926373393376 941.9008505997167
