LSFit: 288060.3735108114 8.574273169376975e+07
PerTrichotomyFit: 31.41169658859042 164.13053247972096
